123123
-123
123123
1
123123
-123
123123
1
1
123123
-123
123123
1
1
1
123123
-123
123123
1
1
1
123123
123123
-123
12312312
123123
1
1
1
123123
-123
12312312
123123
1
1
1
123123
-123
12312312
123123
1
1
1
123123
-123
12312312
123123
1
1
1
123123
-123
12312312
123123
1
1
1
123123
-123
12312312
123123
1
1
1
123123
-123
12312312
123123
1
1
1
123123
-123
12312312
123123
1
1
1
123123
-123
12312312
123123
1
1
1
123123
-123
12312312
123123
1
1
1
123123
-123
12312312
123123
1
1
1
123123
-123
12312312
123123
1
1
1
123123
-123
12312312
123123
1
1
1
123123
-123
12312312
123123
1
1
1
