123123
-123
12312312
123123
12312
1
1
1
123213
1234214
1
123123
1
123123
-123
1
1
12312
12312312
1
1234214
123213
123123
1
123123
1
1234214
123213
12312312
12312
1
1
-123
123213
1
1234214
123123
123123
1
12312
-123
12312312
1
1
123213
123123
1
1
123123
1234214
-123
12312312
1
1
12312
123213
1
123123
1
123123
1234214
-123
12312312
12312
1
1
123213
1
123123
1
1234214
123123
-123
1
1
12312312
12312
123213
1
123123
123123
1
1234214
-123
12312312
1
12312
1
123213
1
1234214
123123
123123
1
1
12312
-123
12312312
1
1234214
3404
6447
-3009
-7084
-2082
8027
442
4179
2247
-2078
1283
-7281
-1898
-3687
-6824
-596
9971
8667
9690
123213
1
2153
7428
5257
3631
-3344
-8140
1823
-70
-5711
-8800
-3675
7860
-7847
-4933
9305
-2407
6686
-2257
-1974
-8827
-5165
713
-9947
9
9056
-8934
-2013
9334
-2017
790
7169
3330
-5159
4423
-8755
-2693
-8274
-9149
-3759
5698
-4328
2527
-5327
5962
3891
2108
-9403
9418
-4157
197
3671
6497
9615
-5256
8966
-7673
-7462
-1454
-937
4087
9289
-9927
3821
716
-8075
-7041
-8927
92
-2005
1805
3574
-3616
-1879
2872
-5639
-3169
-5190
1685
9477
6314
4638
3410
1642
-8371
2481
590
1410
-8807
9289
878
974
8386
-6598
7963
917
-5049
-5562
1474
-2172
-6666
1665
-8413
9533
-7628
5161
3096
-1859
-6051
-5336
-3889
-7913
6446
2420
5182
3109
781
6639
-8778
688
-1832
-4445
-5749
3641
4940
9896
-7356
3419
8426
2341
-9824
5693
-9996
8735
7552
732
4770
-2123
279
5605
-5527
-5102
-1475
3233
-1473
-7244
-4420
381
6798
9132
8536
6845
9831
-4068
-4934
4762
-8124
-6360
7803
-1447
1519
-5881
690
7875
-1547
-4052
8201
7935
8772
-2740
-7859
7095
8134
9512
8000
-9326
6078
-7810
5942
-7866
2792
9503
-1720
-1912
-1843
3001
-8152
2827
-4069
-5501
-2254
-9767
8029
2491
-2819
8814
1622
-8785
6332
-8187
6886
7463
123213
1
-596
9971
8667
9690
2153
7428
5257
3631
-7847
-4933
9305
790
7169
3330
-4328
2527
1234214
3404
-3687
-6824
-3344
442
4179
2247
-2078
1283
-7281
-1898
-2257
-1974
-8827
-5165
-8140
1823
-70
-5711
-8800
-3675
7860
-2407
6686
9
4423
-8755
-2693
-8274
-9149
-3759
6447
-3009
-7084
-2082
8027
713
-9947
9056
-8934
-2013
9334
-2017
-4157
197
3671
6497
9615
-5256
8966
-7673
-7462
3574
-3616
-1879
2872
-5639
-3169
-5190
1685
6314
4638
3410
1642
-8371
878
974
8386
-6598
7963
917
-5159
3821
716
-8075
-7041
-8927
92
-2005
1805
9477
-5562
1474
-2172
6639
-8778
-9824
5693
5698
-1447
1519
-1547
-2740
-7859
7095
8134
9503
-1720
-5327
-1912
-5049
-6666
1665
-8413
5962
3891
2108
-9403
9418
-1454
-937
4087
9289
-9927
9533
781
688
-1832
-4445
-5102
3233
-1473
-1843
3001
8029
2491
-7244
-4420
-8124
-6360
7803
-5881
-8785
6332
6886
7463
442
4179
2247
-2078
1283
-7281
690
7875
-7810
5942
-7866
2481
2792
590
1410
-8807
-7628
5161
-1859
-6051
-5336
-3889
-7913
6446
2420
5182
3109
-9996
8735
7552
732
4770
-2123
-1898
9289
3096
-5749
3641
4940
9896
-7356
3419
-1475
4762
-4052
8201
7935
8772
3404
6447
-3009
-7084
-2082
8027
-4157
197
3671
-596
9971
8667
9690
2153
7428
5257
3631
-7847
-4933
9305
790
8426
-2257
-1974
-8827
2341
279
5605
-5527
381
6798
9132
8536
6845
9831
-4068
-4934
7169
3330
6497
9615
-5256
8966
-7673
-7462
-4328
2527
-5327
3574
-3616
-1879
2872
-5639
-3169
-5190
1685
6314
4638
3410
1642
-8371
9512
8000
-9326
6078
-8152
2827
-4069
-5501
-2254
-9767
-2819
8814
1622
9289
3096
-5749
3641
4940
9896
-7356
3419
8426
2341
279
5605
-5527
381
6798
9132
8536
6845
9831
-4068
-4934
9512
8000
-9326
6078
-8152
2827
-4069
-5501
-2254
-9767
-5165
-2819
8814
1622
-8187
-3687
-6824
713
-8187
-3687
-6824
-3344
-8140
1823
878
974
8386
-6598
7963
917
-5049
-6666
-70
-5711
-8800
-9947
-3344
-8140
1823
-70
-5711
-8800
-3675
1665
-8413
9533
781
7860
-2407
6686
9
4423
-8755
-2693
-8274
-9149
-3759
3821
716
-8075
-7041
-3675
7860
-2407
6686
9
9056
-8934
-2013
9334
-2017
-5159
5698
5962
3891
2108
-9403
9418
688
-1832
-4445
-5102
3233
-1473
-7244
-4420
4423
-8755
-2693
-8274
-9149
-3759
3821
716
-8075
-7041
-8927
92
-2005
1805
9477
-8927
92
-8124
-6360
7803
-5881
690
7875
-7810
5942
-7866
2792
-596
9971
8667
9690
2153
7428
5257
3631
-7847
-1454
-937
4087
9289
-9927
2481
590
1410
-8807
-7628
5161
-1859
-6051
-5336
-3889
-7913
6446
2420
-5562
1474
-2172
6639
-8778
-9824
5693
-1447
1519
-1547
-2740
-7859
7095
8134
9503
-1720
-1912
-2005
1805
9477
-5562
1474
-2172
6639
-8778
-9824
5693
-1447
1519
-1547
-2740
-7859
7095
8134
9503
-1720
-1912
-1843
3001
-1843
3001
5182
3109
-9996
8735
7552
-4933
9305
790
7169
3330
-4328
2527
-5327
9289
3096
732
4770
-2123
-1475
4762
-4052
8201
7935
8772
3404
6447
-3009
-7084
-2082
8027
8029
2491
-8785
6332
-5749
8029
2491
-8785
6332
6886
7463
442
4179
2247
-2078
1283
-7281
3641
-4157
197
4940
3671
9896
-7356
3419
8426
2341
279
5605
-5527
381
6798
9132
8536
6845
9831
-4068
-4934
9512
8000
-9326
6078
-8152
2827
-4069
-5501
-2254
-9767
-2819
8814
1622
-8187
-1898
-2257
-1974
6886
7463
-8827
-5165
713
6497
9615
-5256
8966
-7673
-7462
3574
-3616
-1879
2872
-5639
-3169
-5190
-9947
9056
-8934
-2013
9334
-2017
-5159
5698
1685
6314
4638
3410
1642
-8371
878
974
8386
-6598
7963
917
-5049
-6666
1665
5962
3891
-8413
2108
9533
781
688
-9403
9418
-1832
-4445
-1454
-937
4087
9289
-9927
2481
590
1410
-8807
-7628
-5102
3233
-1473
-7244
-4420
-8124
-6360
7803
-5881
690
7875
-7810
5942
-7866
2792
5161
-1859
-6051
-5336
-3889
-7913
6446
2420
5182
3109
-9996
8735
7552
732
4770
-2123
-1475
4762
-4052
8201
7935
8772
