0.13
0.1
0.13
0.1
0.1
0.13
0.1
0.13
0.13
0.1
0.13
0.1
0.1
0.13
0.13
0.1
0.1
0.13
-729.03643
7104.47816
411.92338
-1897.59507
8077.49142
2413.65087
5933.99205
-4139.59207
7328.22311
4013.16151
-3040.8766
1244.27753
0.1
2588.59821
-1389.5559
-1956.63488
-4439.54246
-2410.33199
-1016.74978
1770.42291
-694.95608
7563.78506
8940.69107
-1519.15723
-6319.91317
305.50965
-251.21303
2863.46515
-6957.26489
-1035.38719
9631.90473
-219.37949
3955.99459
-7824.07899
1442.08063
-3770.72527
-9311.13331
-3738.20782
-1064.27895
4658.99133
9616.02616
-9243.33759
-168.65791
6374.92155
6468.65704
-9993.15582
-8921.65817
-1215.48735
8380.89278
1417.81744
6864.20602
7511.75501
-7624.76678
4708.04092
-8062.89291
-206.17346
9051.45782
134.9552
-5174.25825
3028.68582
3404.27228
3880.97497
-9020.89952
-8389.20798
-5392.33397
-9237.98488
-8029.88421
693.55102
-6573.8416
-4732.4901
-9.49056
-4181.68139
3155.90797
-1383.63955
3569.91212
-4110.1058
-5638.63873
5724.42983
4562.30211
624.16666
-1678.3301
2770.15106
-1554.21375
6883.81522
5196.94829
6725.63499
1800.64394
-1036.79287
-2501.05616
-4044.70555
-4720.14518
9763.06915
-5163.16428
-8855.55259
5345.42768
9267.08593
4226.8244
9611.87373
-8709.50034
-5025.02675
-7435.75871
-5430.55715
-3213.51089
9712.84451
-3889.37138
7947.3634
-6542.69008
-1134.12597
-9800.98897
-5131.53747
4330.51828
-8905.08379
2051.37233
2217.91957
8228.39606
-5489.65106
2297.7165
-6643.94439
8334.56503
9944.37034
3016.42542
9203.9416
-3243.71688
-3797.33184
-1585.44564
-9971.19848
-6157.33079
-9762.92346
-496.84917
-2333.39644
-8108.07
-8045.34574
-709.25978
9668.64511
-9644.89861
-4951.57954
5060.97493
8239.64427
3934.80565
8370.68092
-8693.66128
-9754.76825
-4600.51754
-6299.45924
-1700.11554
2104.0623
-7182.21741
562.81274
3878.7268
9057.83063
-3537.1441
1973.6555
3497.61587
-3834.88964
-7525.80647
2662.73745
-8250.95118
9942.31167
-5376.85125
-7505.0625
-8704.64245
1442.13265
3429.36631
5417.93902
8644.56477
-5998.93097
9320.25698
-3492.80766
-6222.70727
8308.46024
-318.10401
4768.00164
-5930.17999
2939.93418
8010.27859
7558.61771
8153.87451
-2793.17882
2453.04974
-5215.40283
-1074.13382
-3726.73934
3333.11678
-5495.39715
6214.52537
951.62194
3723.29962
-4898.88684
-3842.80437
6576.73656
-8901.10497
6505.1689
-40.58178
3465.54501
4805.28791
6030.46979
-7608.22095
6411.1053
-1640.65618
-1862.19699
6756.43859
-9512.42634
4537.6514
5584.2826
-9475.70108
4749.68803
1633.5424
4240.68434
-616.79345
4631.53938
6407.40825
4411.50385
-254.12555
-6018.72216
4989.74662
-9296.92195
2505.3002
-2202.91269
-7634.62283
-5371.57308
6829.64202
1518.41609
790.15847
8760.21636
-3739.14153
1930.89237
4661.4967
4749.99536
4755.68318
-8669.6539
-8377.12811
-3610.83614
2116.3835
6765.12708
-306.55608
0.1
7328.22311
4013.16151
-3040.8766
1244.27753
2588.59821
1770.42291
-694.95608
7563.78506
-251.21303
2863.46515
-6957.26489
-1035.38719
9631.90473
-219.37949
3955.99459
-9243.33759
-168.65791
4708.04092
-8062.89291
-206.17346
9051.45782
5933.99205
-4139.59207
-1389.5559
-1956.63488
411.92338
-1897.59507
8077.49142
2413.65087
1442.08063
-3770.72527
-9311.13331
-4439.54246
-2410.33199
-1016.74978
8940.69107
-1519.15723
-6319.91317
305.50965
-7824.07899
6374.92155
6468.65704
-9993.15582
-8921.65817
-1215.48735
-729.03643
7104.47816
-3738.20782
-1064.27895
4658.99133
9616.02616
-5392.33397
-9237.98488
-8029.88421
693.55102
-6573.8416
-4732.4901
-9.49056
-4181.68139
3155.90797
-1383.63955
3569.91212
-4110.1058
-5638.63873
5724.42983
4562.30211
624.16666
4226.8244
9611.87373
-8709.50034
-5025.02675
-7435.75871
-5430.55715
-3213.51089
9712.84451
-3889.37138
7947.3634
-6542.69008
-1134.12597
-9800.98897
-5131.53747
4330.51828
-8905.08379
2297.7165
-6643.94439
8334.56503
9944.37034
3880.97497
8380.89278
1417.81744
6864.20602
7511.75501
1800.64394
-1036.79287
-2501.05616
-4044.70555
-4720.14518
9763.06915
-5163.16428
-8855.55259
5345.42768
9203.9416
-3243.71688
-3797.33184
-1585.44564
-9971.19848
-6157.33079
5060.97493
8239.64427
-7624.76678
-5998.93097
8153.87451
-2793.17882
2453.04974
-5215.40283
-1640.65618
-1862.19699
6756.43859
-9512.42634
4537.6514
5584.2826
3016.42542
-9762.92346
-496.84917
134.9552
-5174.25825
3028.68582
3404.27228
-9020.89952
-8389.20798
-1678.3301
2770.15106
-1554.21375
6883.81522
5196.94829
6725.63499
3934.80565
1973.6555
3497.61587
-3834.88964
-7525.80647
2662.73745
-9475.70108
4749.68803
1633.5424
6407.40825
4411.50385
8760.21636
-8250.95118
5417.93902
8644.56477
9320.25698
-3492.80766
9267.08593
2051.37233
-3739.14153
-3610.83614
2116.3835
6765.12708
-306.55608
411.92338
-1897.59507
-6222.70727
8308.46024
6576.73656
-8901.10497
6505.1689
-40.58178
3465.54501
4805.28791
6030.46979
2217.91957
8228.39606
-5489.65106
-2333.39644
-8108.07
-8045.34574
-709.25978
9668.64511
-9644.89861
-4951.57954
2104.0623
-7182.21741
562.81274
3878.7268
9057.83063
-3537.1441
8077.49142
8370.68092
-8693.66128
-9754.76825
3429.36631
-318.10401
4768.00164
-5930.17999
2939.93418
8010.27859
7558.61771
-729.03643
7104.47816
-5392.33397
-9237.98488
-8029.88421
693.55102
-6573.8416
-4732.4901
-9.49056
-7608.22095
6411.1053
7328.22311
4013.16151
-3040.8766
1244.27753
2588.59821
1770.42291
-694.95608
7563.78506
-251.21303
2863.46515
-6957.26489
-1035.38719
9631.90473
-219.37949
3955.99459
-4600.51754
-6299.45924
2413.65087
1442.08063
-3770.72527
-1700.11554
9942.31167
-5376.85125
-7505.0625
-8704.64245
-9243.33759
-168.65791
-4181.68139
3155.90797
-1383.63955
3569.91212
-4110.1058
-5638.63873
5724.42983
4562.30211
624.16666
4708.04092
-8062.89291
-206.17346
9051.45782
4226.8244
9611.87373
-8709.50034
-5025.02675
-7435.75871
-5430.55715
-3213.51089
9712.84451
-3889.37138
7947.3634
-6542.69008
-1134.12597
-9800.98897
-5131.53747
4330.51828
-8905.08379
1442.13265
-1074.13382
-3726.73934
3333.11678
-5495.39715
6214.52537
951.62194
3723.29962
-4898.88684
-3842.80437
4240.68434
-616.79345
4631.53938
-254.12555
-6018.72216
4989.74662
-9296.92195
2505.3002
-2202.91269
-7634.62283
8370.68092
-8693.66128
-9754.76825
-4600.51754
-6299.45924
-1700.11554
9942.31167
-5376.85125
-7505.0625
-8704.64245
1442.13265
-1074.13382
-3726.73934
3333.11678
-5495.39715
6214.52537
951.62194
3723.29962
-4898.88684
-3842.80437
4240.68434
-616.79345
-9311.13331
4631.53938
-254.12555
-6018.72216
4989.74662
-9296.92195
2505.3002
-2202.91269
-7634.62283
-5371.57308
6829.64202
1518.41609
790.15847
1930.89237
4661.4967
4749.99536
4755.68318
-8669.6539
-8377.12811
5933.99205
-4139.59207
-5371.57308
6829.64202
1518.41609
790.15847
1930.89237
4661.4967
4749.99536
4755.68318
-8669.6539
-8377.12811
5933.99205
-4139.59207
-1389.5559
-1956.63488
-4439.54246
-2410.33199
-1016.74978
2297.7165
-6643.94439
8334.56503
9944.37034
3016.42542
-3738.20782
-1389.5559
-1956.63488
-4439.54246
-2410.33199
-1016.74978
8940.69107
-1519.15723
-6319.91317
8940.69107
-1519.15723
-6319.91317
305.50965
-9762.92346
-496.84917
-7824.07899
6374.92155
6468.65704
-9993.15582
-8921.65817
-1215.48735
3880.97497
1800.64394
-1036.79287
-2501.05616
-4044.70555
-4720.14518
9763.06915
305.50965
-7824.07899
6374.92155
-1064.27895
4658.99133
9616.02616
8380.89278
1417.81744
6864.20602
7511.75501
-7624.76678
134.9552
-5174.25825
3028.68582
3404.27228
-9020.89952
-8389.20798
3934.80565
1973.6555
3497.61587
-3834.88964
-7525.80647
2662.73745
-8250.95118
6468.65704
-9993.15582
-8921.65817
-1215.48735
3880.97497
1800.64394
-1036.79287
-2501.05616
-4044.70555
-4720.14518
9763.06915
-5163.16428
-8855.55259
5345.42768
9203.9416
-5163.16428
5417.93902
8644.56477
9320.25698
-3492.80766
-6222.70727
8308.46024
6576.73656
-8901.10497
6505.1689
-40.58178
3465.54501
4805.28791
6030.46979
-7608.22095
6411.1053
7328.22311
4013.16151
-3040.8766
1244.27753
2588.59821
1770.42291
-694.95608
7563.78506
-251.21303
-1678.3301
2770.15106
-1554.21375
6883.81522
5196.94829
6725.63499
9267.08593
2051.37233
2217.91957
8228.39606
-5489.65106
-2333.39644
-8108.07
-8045.34574
-709.25978
9668.64511
-9644.89861
-4951.57954
-3243.71688
-3797.33184
-1585.44564
-9971.19848
-6157.33079
5060.97493
8239.64427
-5998.93097
8153.87451
-2793.17882
2453.04974
-5215.40283
-1640.65618
-1862.19699
6756.43859
-9512.42634
4537.6514
5584.2826
-8855.55259
5345.42768
9203.9416
-3243.71688
-3797.33184
-1585.44564
-9971.19848
-6157.33079
5060.97493
8239.64427
-5998.93097
8153.87451
-2793.17882
2453.04974
-5215.40283
-1640.65618
-1862.19699
6756.43859
-9512.42634
4537.6514
5584.2826
-9475.70108
4749.68803
1633.5424
6407.40825
-9475.70108
4749.68803
2104.0623
-7182.21741
562.81274
3878.7268
9057.83063
2863.46515
-6957.26489
-1035.38719
9631.90473
-219.37949
3955.99459
-9243.33759
-168.65791
4708.04092
-8062.89291
-206.17346
9051.45782
-3537.1441
3429.36631
-318.10401
4768.00164
-5930.17999
2939.93418
8010.27859
7558.61771
-729.03643
7104.47816
-5392.33397
4411.50385
8760.21636
-3739.14153
-3610.83614
8370.68092
-8693.66128
-9754.76825
1633.5424
6407.40825
4411.50385
8760.21636
-3739.14153
-3610.83614
2116.3835
6765.12708
-306.55608
411.92338
-1897.59507
8077.49142
-9237.98488
-8029.88421
693.55102
-6573.8416
-4732.4901
-4600.51754
-6299.45924
-1700.11554
9942.31167
-5376.85125
-7505.0625
-8704.64245
1442.13265
-1074.13382
-3726.73934
3333.11678
-5495.39715
6214.52537
951.62194
3723.29962
-4898.88684
-3842.80437
4240.68434
-616.79345
4631.53938
-254.12555
-6018.72216
4989.74662
-9296.92195
2505.3002
-2202.91269
-7634.62283
-5371.57308
6829.64202
1518.41609
790.15847
1930.89237
4661.4967
4749.99536
4755.68318
-8669.6539
-8377.12811
2413.65087
1442.08063
2116.3835
6765.12708
-306.55608
-3770.72527
-9311.13331
-3738.20782
-9.49056
-4181.68139
3155.90797
-1383.63955
3569.91212
-4110.1058
-5638.63873
5724.42983
4562.30211
624.16666
4226.8244
9611.87373
-8709.50034
-5025.02675
-7435.75871
-5430.55715
-3213.51089
9712.84451
-1064.27895
4658.99133
9616.02616
8380.89278
1417.81744
6864.20602
7511.75501
-7624.76678
134.9552
-3889.37138
7947.3634
-6542.69008
-1134.12597
-9800.98897
-5131.53747
4330.51828
-8905.08379
2297.7165
-6643.94439
8334.56503
9944.37034
3016.42542
-9762.92346
-496.84917
-5174.25825
3028.68582
3404.27228
-9020.89952
3934.80565
1973.6555
3497.61587
-8389.20798
-1678.3301
2770.15106
-1554.21375
6883.81522
5196.94829
6725.63499
9267.08593
2051.37233
2217.91957
8228.39606
-5489.65106
-3834.88964
-7525.80647
2662.73745
-8250.95118
5417.93902
8644.56477
9320.25698
-3492.80766
-6222.70727
8308.46024
6576.73656
-8901.10497
6505.1689
-40.58178
3465.54501
4805.28791
6030.46979
-7608.22095
6411.1053
-2333.39644
-8108.07
-8045.34574
-709.25978
9668.64511
-9644.89861
-4951.57954
2104.0623
-7182.21741
562.81274
3878.7268
9057.83063
-3537.1441
3429.36631
-318.10401
4768.00164
-5930.17999
2939.93418
8010.27859
7558.61771
